0 0 0 564.4123962093668 608.2362941765907
0 1 0 540.3705994698593 492.7763073658698
0 1 -1 600.9203097767669 434.6010955023703
1 0 0 681.6532568526437 616.8438510339453
1 1 0 658.7987093348404 500.79023961237226
1 1 -1 714.3026104495057 442.61502774887276
2 0 0 800.6749913284768 628.716343250986
2 1 0 785.53756375175 509.39779646972676
2 1 -1 832.7307203144868 447.364024635689
3 0 0 925.9297842182564 640.2920231626007
3 1 0 916.1349781391978 520.6766640759155
3 1 -1 953.23651631745 455.0811445767655
4 0 0 1058.0112601328342 650.3836415470853
4 1 0 1050.2941401917578 530.1746578495481
4 1 -1 1083.5371183994719 460.1269537690078
5 0 0 1195.4353575450805 663.7401952912561
5 1 0 1195.4353575450805 539.9694639286066
5 1 -1 1217.9930927574578 466.0631998775282
5 1 -2 1238.176329526427 407.29436340317665
4 1 -2 1111.4374751095174 404.02942804349044
