0 2 0 742.2550573268038 592.5248731440533
0 1 0 773.590637367294 758.2171182896593
0 0 0 794.1948543802191 895.5785650424932
1 0 0 930.2685375697451 797.2792797099964
2 0 0 1050.0305489573723 698.9799943774997
2 1 0 1043.5917311408332 561.189293103563
1 1 0 915.6738838522565 654.3375241828286
1 2 0 887.3430854594847 493.79633329045384
2 2 0 1030.714095507755 400.2188476900858
0 0 -1 655.5456440640774 804.1473520476382
0 0 -2 538.7884143241683 724.3060111225534
0 1 -2 495.86296221390774 592.0956186229507
0 1 -1 620.7760278547662 673.2247231113432
0 2 -1 594.1622475464046 506.2447144024295
0 2 -2 471.3954545110592 428.1203915617551
1 2 -2 619.0590097703557 342.2694873412339
1 2 -1 744.4013299323167 410.09170167544573
2 2 -1 885.1968128539716 332.396633355874
2 2 -2 760.7130017342158 267.1499461482779
